ghg_emissions_int_log: 0.4777454380366833
floor_area_log: -0.018449331782865702
electric_eui: 0.4239408463117017
fuel_eui: 0.4380736684796761
energy_star_rating_normalized: 0.03022960073896903
energy_mix: -0.0062338246963148745
building_age_log: -9.0934196954463e-05
floor_area_squared: -0.0004160344683521415
energy_intensity_ratio: -0.5709758663764704
building_age_squared: -0.024175293714614327
energy_star_rating_squared: -0.13618020941713857
ghg_per_area: 0.5955558815847765
