ghg_emissions_int_log: 0.4774877945614421
floor_area_log: -0.00738932734259747
electric_eui: 0.42333631080520784
fuel_eui: 0.43748445525279794
energy_star_rating_normalized: 0.03132758741747709
energy_mix: -0.006046828002680152
building_age_log: -0.023631371859319798
floor_area_squared: -0.00851820835009357
energy_intensity_ratio: -0.5701709650744701
building_age_squared: -0.00023218936762808457
energy_star_rating_squared: -0.13770350491091032
ghg_per_area: 0.5964406223973531
