Iter 0, group energy:
  lambda: [0.3688842  0.00311929 0.2774762  0.31070675]
  tau: 0.7588708676645097
  alpha: 0.5106684859952657
  beta: 0.9100837550433452
  momentum: [-0.05737416 -0.09062552 -0.06568398 -0.06266302]
Iter 1, group energy:
  lambda: [0.41210041 0.11414365 0.3346428  0.36212634]
  tau: 0.800320777106162
  alpha: 0.4731289841176209
  beta: 0.829162783942016
  momentum: [-0.04301375 -0.06405503 -0.04854448 -0.04659524]
Iter 2, group energy:
  lambda: [0.45415908 0.20582525 0.38908459 0.41212556]
  tau: 0.827246380152458
  alpha: 0.4393307151445039
  beta: 0.7563339146923503
  momentum: [-0.03136955 -0.04407397 -0.03476895 -0.03357799]
Iter 3, group energy:
  lambda: [0.49195387 0.28570922 0.43755824 0.4567678 ]
  tau: 0.845664762833015
  alpha: 0.40891225878518905
  beta: 0.690787932372937
  momentum: [-0.02223011 -0.02879834 -0.02404063 -0.02341452]
