ghg_emissions_int_log: 0.4775049990795022
floor_area_log: -0.007390340611152892
electric_eui: 0.4233273845132488
fuel_eui: 0.4374896000081532
energy_star_rating_normalized: 0.03134662854936297
energy_mix: -0.006050563364893792
building_age_log: -8.320154909215458e-05
floor_area_squared: -0.00843411467533462
energy_intensity_ratio: -0.5701337063514879
building_age_squared: -0.02357053676277811
energy_star_rating_squared: -0.1377251282955738
ghg_per_area: 0.5964099013433592
